-3.82 1.11
-2.17 65.49 -4.13 1.19
-2.09 64.93 -1.82 1.62
-2.03 64.44 8.87 3.34
-2.14 65.25 33.73 2.92
-2.33 68.14 56.83 0.73
-2.59 72.54 71.90 -1.65
-2.96 78.42 79.98 -1.03
-3.99 86.06 87.39 -1.76
-5.13 92.39 102.15 0.66
B
-5.96 102.37 91.59 2.74
-6.25 108.89 44.20 -14.64
-5.53 112.53 10.90 -4.61
-5.11 111.84 -39.53 6.18
-4.45 108.80 -63.71 -6.16
-3.43 103.06 -95.23 -4.48
-2.43 95.85 -108.89 -11.11
-1.86 87.38 -115.35 -9.13
-1.07 78.13 -87.53 1.82
-0.44 72.71 -55.50 9.18
0.04 69.17 -29.93 6.53
0.65 66.75 -15.60 0.28
1.06 65.53 -2.24 -4.39
1.24 65.09 5.92 -1.66
1.28 65.67 9.08 0.50
1.70 66.72 10.00 -0.61
1.60 67.82 9.60 -0.59
1.15 68.63 7.96 1.60
0.87 68.99 4.92 2.93
0.68 69.17 4.27 2.31
0.55 69.25 3.15 1.25
0.26 69.44 1.