79 -0.49
-4.14 75.08 -2.02 0.77
-4.36 74.66 -2.20 2.50
-4.05 74.49 -1.31 3.30
-3.55 74.61 -3.53 3.15
-3.33 74.80 -9.89 2.31
-3.25 73.97 -22.71 2.52
-3.10 71.71 -26.15 1.72
-3.41 69.76 -31.47 2.62
-3.65 67.62 -39.27 2.86
-3.92 64.44 -45.43 3.50
-3.26 60.84 -48.53 5.37
-2.75 56.58 -50.69 1.85
-3.00 52.70 -49.72 2.83
-3.04 48.97 -47.37 3.61
-2.43 45.69 -47.51 4.06
-2.13 42.60 -52.80 1.60
-1.71 38.61 -45.36 -1.40
-2.22 35.14 -47.46 -3.18
-2.31 31.03 -41.31 -6.81
-2.44 27.78 -38.64 -9.32
-3.64 24.74 -38.02 -9.59
-4.80 21.94 -35.22 -8.95
-5.73 19.69 -35.12 -8.52
-6.44 17.57 -35.11 -10.40
-7.65 14.11 -36.32 -14.25
-9.04 10.59 -32.12 -12.50
-10.40 8.14 -31.60 -12.73
-10.80 5.15 -31.18 -10.34
-12.14 2.40 -28.73 -6.01
-13.05 -0.09 -25.11 -3.76
-13.40 -4.00 -16.27 -6.11
-14.15 -4.97 -3.76 0.47
-14.24 -4.59 3.37 7.95
-13.21 -4.31 12.66 14.15
-11.75 -3.35 24.22 16.21
-10.47 -0.34 34.02 14.79
-9.44 2.51 37.60 13.07
-8.53 5.15 44.27 10.83
-8.15 8.70 49.82 8.93
-7.34 12.40 55.17 12.36
-6.00 17.93 56.71 18.74
-3.77 22.16 62.63 18.75
-1.47 27.37 67.27 10.08
-0.65 33.13 69.97 4.27
-0.90 38.17 70.43 1.86
-1.33 44.41 70.02 -1.47
-1.91 49.09 64.45 -3.16
-2.46 53.68 62.83 -3.48
-2.72 58.05 59.54 -4.66
-3.06 63.47 47.89 -3.40
-2.85 67.34 45.41 -0.71
-2.64 70.61 41.89 1.41
B
-2.95 74.25 30.68 -0.76
-3.54 76.30 22.98 -1.52
-2.88 77.66 13.64 -0.48
-2.25 78.28 10.49 -2.50
-2.06 78.65 4.69 -4.25
-1.94 78.40 0.42 -3.08
-2.02 77.97 -0.23 -1.35
-2.03 77.30 -1.85 -0.42
-1.98 76.96 -1.91 1.09
-1.40 76.78 -3.21 0.05
-1.18 76.39 -2.50 -0.01
-0.91 76.38 -2.79 -0.50
-1.25 76.23 -2.46 0.21
-1.18 76.03 -1.44 0.18
-1.31 76.19 -1.28 0.66
-1.29 76.23 -1.31 2.55
-0.98 76.07 -0.97 2.09
-0.97 76.11 -0.80 1.78
-0.78 76.07 -1.15 0.73
-1.01 75.98 -1.18 -0.49
-1.10 75.90 -0.89 -0.53
-1.07 75.77 -1.20 -0.50
-1.10 75.54 -0.92 -0.53
-1.41 75.71 0.30 0.64
-1.31 75.98 -0.11 0.92
-1.00 75.88 -0.15 0.18
-1.03 75.96 -0.11 -1.16
-0.83 76.07 -0.62 -0.22
-0.82 75.96 -1