
0.65 71.07 0.31 -1.40
0.72 71.43 1.61 -4.18
1.32 71.83 -1.56 -2.54
2.02 71.81 -4.93 1.40
2.11 70.76 -4.82 17.05
2.30 70.85 42.45 9.19
3.09 74.72 77.26 -4.25
5.10 82.48 129.93 -13.40
6.64 92.62 113.53 -3.65
6.90 100.88 86.77 -0.73
B
6.93 108.15 27.98 8.73
6.28 110.02 -6.52 25.46
5.17 110.86 6.15 3.24
4.45 111.35 -5.24 -1.18
3.05 109.87 -18.13 -1.53
2.14 107.60 -22.32 -13.30
2.05 105.43 -31.00 -17.20
1.33 102.45 -21.17 -22.37
0.63 100.78 -33.00 -14.21
0.67 98.58 -32.98 -13.92
0.42 96.03 -40.66 -16.75
0.04 93.01 -49.45 -14.13
-0.31 89.58 -53.34 -6.69
0.15 85.45 -53.73 -4.40
0.58 80.24 -60.46 -2.92
0.88 75.00 -48.98 -4.31
1.19 71.71 -35.34 -9.89
1.58 68.01 -38.76 -17.77
1.17 64.66 -37.15 -24.11
-0.20 61.