-0.68 -0.05 1.11
-0.68 -0.31 1.94
-0.92 -0.64 2.50
-1.27 -0.92 2.51
-1.40 -1.16 4.01
-1.33 -1.38 5.41
-1.33 -1.64 6.73
-1.15 -1.78 8.87
-0.77 -1.69 11.73
-0.27 -1.43 12.40
0.36 -1.02 13.13
1.03 -0.61 12.73
1.51 -0.27 10.33
1.70 0.01 7.10
1.64 0.27 2.73
1.44 0.42 0.29
1.15 0.53 -2.58
0.90 0.62 -5.92
0.64 0.66 -9.44
0.32 0.54 -14.19
-0.18 0.24 -18.18
-0.96 -0.43 -29.32
-2.60 -1.98 -46.91
-4.94 -4.29 -79.58
-8.75 -8.21 -97.54
-13.94 -13.69 -138.13
-20.30 -20.73 -137.50
-26.42 -28.40 -99.24
L
2.41 50.25 10.36
3.32 50.36 -3.31
2.54 50.17 -7.00
0.89 49.59 -0.50
0.88 49.55 1.09
0.01 49.32 -0.53
-1.72 48.65 -6.10
-2.51 47.76 -12.03
-3.09 46.33 -13.25
-4.37 44.90 -13.17
-5.49 43.35 -12.02
-7.16 41.49 -9.46
-8.36 39.40 -4.07
-8.71 37.91 -1.25
-8.28 36.90 2.50
-7.32 36.50 5.53
-4.71 36.78 10.08
-1.26 38.14 14.79
1.62 39.92 11.72
4.35 41.25 8.17
5.89 42.40 4.88
6.48 43.26 1.28
5.95 44.09 -3.82
5.32 44.97 -27.82
3.62 44.87 -38.44
2.43 44.82 -27.50
2.14 45.40 -13.15
1.76 45.85 -64.49
-0.89 43.97 -84.32
-3.22 41.43 -61.62
-4.72 40.10 -54.00
-6.82 38.42 -22.87
-7.75 38.10 -14.50
-6.37 37.60 -10.83
-4.22 37.45 0.37
-2.47 37.63 8.40
-0.56 38.01 5.99
0.06 38.17 4.80
0.69 38.29 10.44
1.33 38.77 3.62
1.29 38.92 -9.38
0.51 38.52 -15.15
-0.38 37.79 -8.55
-0.12 38.51 26.18
0.54 39.31 2.21
0.41 39.33 -15.45
0.28 38.80 -10.73
0.96 38.87 9.85
1.31 39.48 17.90
1.04 40.61 20.98
2.10 41.43 16.96
3.50 42.30 9.84
4.18 42.93 10.74
4.15 43.63 9.53
3.85 44.19 1.69
